Average Fitness	Best Fitness	
 6.0000e+00	 6.0000e+01	
 2.5000e+00	 2.0000e+01	
 1.0000e+00	 2.0000e+01	
 2.0000e+00	 4.0000e+01	
 0.0000e+00	 0.0000e+00	
 6.0000e+00	 2.0000e+01	
 3.0000e+00	 2.0000e+01	
 2.5000e+00	 3.0000e+01	
 1.0000e+00	 2.0000e+01	
 3.0000e+00	 2.0000e+01	
 1.5000e+00	 2.0000e+01	
 4.0000e+00	 2.0000e+01	
 2.0000e+00	 2.0000e+01	
 1.0000e+00	 2.0000e+01	
 2.0000e+00	 2.0000e+01	
 2.0000e+00	 4.0000e+01	
 3.5000e+00	 2.0000e+01	
 4.5000e+00	 3.0000e+01	
 2.0000e+00	 2.0000e+01	
 3.5000e+00	 2.0000e+01	
 3.0000e+00	 2.0000e+01	
 3.0000e+00	 6.0000e+01	
 2.0000e+00	 2.0000e+01	
 2.0000e+00	 2.0000e+01	
 0.0000e+00	 0.0000e+00	
 1.5000e+00	 2.0000e+01	
 3.0000e+00	 2.0000e+01	
 2.0000e+00	 2.0000e+01	
 2.0000e+00	 4.0000e+01	
 0.0000e+00	 0.0000e+00	
 1.5000e+00	 2.0000e+01	
 1.0000e+00	 2.0000e+01	
 4.0000e+00	 4.0000e+01	
 1.0000e+00	 2.0000e+01	
